157 0 0.5375
31 1 0.5411
157 2 0.5472
108 3 0.5606
12 4 0.6463
151 5 0.6215
9 6 0.6411
154 7 0.7147
28 8 0.6751
30 9 0.6466
157 10 0.6675
31 11 0.6694
160 12 0.6715
30 13 0.6736
30 14 0.6775
158 15 0.6800
29 16 0.6841
156 17 0.6873
29 18 0.6906
31 19 0.6955
160 20 0.6995
31 21 0.7040
159 22 0.7085
29 23 0.7141
29 24 0.7234
155 25 0.7285
30 26 0.7346
160 27 0.7387
29 28 0.7454
29 29 0.7494
158 30 0.7620
29 31 0.7694
158 32 0.7667
28 33 0.7837
29 34 0.7919
157 35 0.8050
29 36 0.8138
158 37 0.8227
29 38 0.8338
29 39 0.8470
160 40 0.8587
29 41 0.8699
158 42 0.8845
29 43 0.8965
30 44 0.9136
159 45 0.9283
29 46 0.9534
157 47 0.9697
29 48 0.9865
29 49 1.0102
157 50 1.0300
29 51 1.0505
157 52 1.0700
30 53 1.0946
29 54 1.1251
157 55 1.1517
28 56 1.1606
157 57 1.2062
29 58 1.2339
29 59 1.2489
157 60 1.2797
27 61 1.3126
157 62 1.3520
27 63 1.3958
27 64 1.4514
154 65 1.5015
26 66 1.5519
155 67 1.6508
28 68 1.7309
30 69 1.8034
158 70 1.8073
30 71 1.8021
156 72 1.8312
27 73 1.9221
28 74 2.0504
156 75 2.0755
27 76 2.0854
155 77 2.1493
26 78 2.1467
26 79 2.1353
155 80 2.1323
27 81 2.1298
155 82 2.1285
27 83 2.1263
28 84 2.1147
157 85 2.1153
29 86 2.1111
157 87 2.1023
29 88 2.1105
29 89 2.1105
157 90 2.1095
29 91 2.1106
157 92 2.1105
29 93 2.1076
28 94 2.1118
156 95 2.1153
28 96 2.1202
156 97 2.1272
27 98 2.1291
27 99 2.1329
155 100 2.1370
27 101 2.1480
156 102 2.1407
28 103 2.1072
28 104 2.0721
158 105 2.0768
29 106 2.0790
157 107 2.0940
28 108 2.0704
27 109 1.9266
156 110 1.8438
28 111 1.7611
157 112 1.6865
28 113 1.6014
29 114 1.5086
159 115 1.4547
28 116 1.4080
156 117 1.3598
29 118 1.3198
29 119 1.2539
157 120 1.1380
29 121 1.1092
158 122 1.0827
28 123 1.0574
28 124 1.0246
157 125 1.0082
122 126 1.0206
78 127 0.9990
117 128 0.9621
31 129 0.9236
157 130 0.9130
30 131 0.8982
158 132 0.8830
29 133 0.8700
30 134 0.8534
157 135 0.8418
29 136 0.8234
156 137 0.8115
28 138 0.8021
29 139 0.7915
158 140 0.7803
30 141 0.7714
157 142 0.7630
29 143 0.7556
29 144 0.7450
160 145 0.7377
28 146 0.7311
158 147 0.7245
29 148 0.7184
30 149 0.7107
158 150 0.7045
31 151 0.6999
159 152 0.6945
29 153 0.6880
30 154 0.6685
157 155 0.6628
31 156 0.6593
158 157 0.6547
31 158 0.6511
31 159 0.6775
158 160 0.6568
30 161 0.6530
158 162 0.6545
29 163 0.6460
31 164 0.6423
158 165 0.6392
30 166 0.6369
158 167 0.6350
31 168 0.6326
31 169 0.6296
158 170 0.6285
30 171 0.6267
158 172 0.6252
30 173 0.6245
30 174 0.6233
158 175 0.6227
29 176 0.6217
157 177 0.6210
29 178 0.6206
28 179 0.6205
157 180 0.6205
29 181 0.6216
157 182 0.6217
29 183 0.6226
30 184 0.6244
61 185 0.6225
67 186 0.4580
157 187 0.6120
29 188 0.6146
29 189 0.6148
158 190 0.6183
74 191 0.3119
0 192 0.0000
24 193 1.1148
78 194 0.3313
158 195 0.6710
27 196 0.6755
156 197 0.6833
25 198 0.6966
103 199 0.8913
156 200 1.0727
25 201 1.0014
0 202 0.0000
111 203 0.1291
0 204 0.0000
0 205 0.0000
0 206 0.0000
0 207 0.0000
0 208 0.0000
0 209 0.0000
0 210 0.0000
0 211 0.0000
0 212 0.0000
0 213 0.0000
0 214 0.0000
0 215 0.0000
0 216 0.0000
0 217 0.0000
0 218 0.0000
0 219 0.0000
0 220 0.0000
0 221 0.0000
0 222 0.0000
0 223 0.0000
0 224 0.0000
0 225 0.0000
0 226 0.0000
0 227 0.0000
0 228 0.0000
0 229 0.0000
0 230 0.0000
0 231 0.0000
0 232 0.0000
0 233 0.0000
0 234 0.0000
0 235 0.0000
0 236 0.0000
0 237 0.0000
0 238 0.0000
0 239 0.0000
0 240 0.0000
0 241 0.0000
0 242 0.0000
0 243 0.0000
0 244 0.0000
0 245 0.0000
0 246 0.0000
0 247 0.0000
0 248 0.0000
0 249 0.0000
0 250 0.0000
0 251 0.0000
0 252 0.0000
0 253 0.0000
0 254 0.0000
0 255 0.0000
0 256 0.0000
0 257 0.0000
0 258 0.0000
0 259 0.0000
0 260 0.0000
0 261 0.0000
0 262 0.0000
0 263 0.0000
0 264 0.0000
0 265 0.0000
0 266 0.0000
0 267 0.0000
0 268 0.0000
0 269 0.0000
0 270 0.0000
0 271 0.0000
0 272 0.0000
0 273 0.0000
0 274 0.0000
0 275 0.0000
0 276 0.0000
0 277 0.0000
0 278 0.0000
0 279 0.0000
0 280 0.0000
0 281 0.0000
0 282 0.0000
0 283 0.0000
0 284 0.0000
0 285 0.0000
0 286 0.0000
0 287 0.0000
0 288 0.0000
0 289 0.0000
0 290 0.0000
0 291 0.0000
0 292 0.0000
0 293 0.0000
0 294 0.0000
0 295 0.0000
0 296 0.0000
0 297 0.0000
0 298 0.0000
0 299 0.0000
0 300 0.0000
0 301 0.0000
0 302 0.0000
0 303 0.0000
0 304 0.0000
0 305 0.0000
0 306 0.0000
0 307 0.0000
0 308 0.0000
0 309 0.0000
0 310 0.0000
0 311 0.0000
0 312 0.0000
0 313 0.0000
16 314 0.9356
155 315 0.9193
25 316 0.8964
155 317 0.8820
27 318 0.8480
27 319 0.8236
147 320 0.7850
11 321 0.8593
157 322 0.8305
28 323 0.8106
29 324 0.7989
157 325 0.7895
28 326 0.7826
157 327 0.7742
29 328 0.7665
29 329 0.7570
157 330 0.7508
29 331 0.7440
160 332 0.7372
28 333 0.7319
29 334 0.7236
157 335 0.7188
29 336 0.7127
159 337 0.7090
31 338 0.7075
31 339 0.6954
157 340 0.6915
28 341 0.6876
156 342 0.6848
30 343 0.6890
114 344 0.5482
157 345 0.5378
30 346 0.5396
157 347 0.5362
29 348 0.5362
29 349 0.5361
157 350 0.5350
30 351 0.5390
158 352 0.5658
23 353 0.6096
26 354 0.6159
102 355 0.5960
30 356 0.5334
157 357 0.5362
30 358 0.5376
30 359 0.5391
